578
578
578
578
578
578
578
578
653
653
653
653
653
653
653
653
653
653
653
653
658
658
658
658
658
784
784
784
787
787
787
787
787
787
876
876
876
876
876
876
876
876
876
876
876
876
876
876
956
956
956
956
956
956
956
956
956
956
956
956
956
956
998
998
998
998
998
998
1051
1051
1051
1051
1051
1063
1063
1063
1063
1063
1063
1063
1063
1063
1165
1165
1165
1165
1311
1311
1311
1311
1311
1311
1311
1311
1311
1311
1311
1311
1521
1521
1521
1521
1521
1645
1645
1646
1646
1665
1665
1665
1665
1665
1665
1665
1665
1665
1665
1973
1973
1973
2078
2113
2113
2358
2358
2358
2489
2489
2489
2489
2732
2732
2732
2732
2732
2732
3046
3046
3046
3046
3046
3046
3046
3046
3408
3408
3408
3937
3937
3937
3937
3937
3937
3937
3937
3937
3937
3937
3937
3937
3937
3937
3937
4532
4532
4532
4532
4532
4532
5013
5013
5013
5013
5013
5013
5013
5013
5281
5281
5281
6006
6006
6006
6006
6006
6359
7217
7217
7217
7217
7217
7217
7217
7217
7217
7217
7217
7217
7217
7281
7281
8647
8647
8647
8647
10007
10007
10007
10007
10007
10944
10944
10944
10944
10944
10944
11772
11772
11772
11772
11772
11772
11772
11772
11772
11798
11798
11798
11798
11798
11798
11798
11798
11798
11798
11798
11798
14074
14074
14074
14296
14296
14296
14296
16372
16372
16372
16372
16372
17978
17978
17978
17978
19004
19004
19004
19004
19004
20090
20090
23166
23166
23166
23166
23166
23166
23166
23166
23166
23166
23166
23166
23166
25105
25105
25105
25105
26607
30390
30390
30390
30390
30390
30390
30390
30390
30390
30390
30390
30390
30390
30390
30390
30390
30390
30390
30390
30390
30390
30390
34729
34729
34729
34729
37544
39094
39094
39094
39094
39094
44491
44491
44491
44491
44491
44491
44491
44491
50130
52205
55382