514
556
569
573
575
576
576
577
580
601
636
646
650
651
651
652
652
652
652
652
652
653
655
656
656
669
717
774
781
783
785
786
786
786
790
808
848
868
872
874
874
875
875
875
875
875
875
875
879
896
939
951
953
954
955
955
955
955
955
955
955
955
957
965
983
992
996
996
999
1014
1042
1047
1049
1050
1052
1058
1060
1061
1062
1062
1062
1062
1067
1089
1140
1156
1168
1186
1243
1274
1293
1303
1309
1310
1310
1310
1310
1310
1320
1372
1488
1517
1519
1525
1553
1612
1638
1645
1648
1658
1662
1664
1664
1664
1664
1664
1664
1689
1773
1886
1940
1987
2070
2111
2172
2305
2362
2386
2436
2466
2494
2546
2662
2700
2715
2717
2740
2804
2926
3003
3026
3036
3040
3043
3062
3142
3320
3403
3532
3749
3835
3901
3928
3932
3935
3935
3936
3936
3936
3936
3936
3936
3936
3965
4075
4349
4466
4502
4523
4563
4704
4904
4976
5005
5011
5012
5012
5025
5083
5216
5303
5440
5840
5959
5984
6013
6128
6513
6941
7145
7201
7212
7214
7215
7216
7216
7216
7216
7216
7219
7232
7338
7613
8178
8498
8681
9062
9775
9941
9994
10050
10242
10774
10896
10931
10937
10982
11161
11570
11691
11731
11748
11756
11763
11767
11770
11775
11784
11791
11794
11795
11796
11796
11797
11797
11797
11797
11910
12361
13456
13868
14056
14229
14276
14394
14999
15975
16272
16333
16442
16818
17679
17838
17978
18157
18643
18909
18977
19059
19319
20019
20831
22062
22703
22912
23016
23067
23137
23162
23165
23165
23165
23165
23262
23704
24693
24949
25118
25579
26862
28628
29582
29960
30259
30325
30357
30369
30382
30388
30388
30389
30389
30389
30389
30389
30389
30389
30389
30389
30389
30606
31241
32958
34052
34786
35405
37370
38488
38789
38944
39317
40118
41714
42796
43470
44045
44281
44390
45009
47932
50441