213
319
540
563
572
363
341
483
577
481
365
331
343
351
651
644
652
652
343
573
558
652
471
446
656
371
657
403
763
780
782
783
786
469
475
507
403
770
865
623
699
874
709
875
453
875
829
728
645
783
875
912
947
598
868
862
955
955
904
955
515
835
955
955
955
862
985
760
996
997
507
553
642
1048
555
1050
1054
951
1007
1062
1062
1062
1062
591
1062
934
873
1159
1163
1207
774
1281
792
1309
1068
1310
973
1289
1310
1310
1310
1344
1513
1213
1201
1056
1579
1628
1335
840
1650
1659
1663
1664
1664
1664
1664
1664
1483
1664
1481
1503
1948
1967
2078
1169
2234
1920
1881
1658
2447
1620
1627
1473
2685
1564
1413
2717
2726
2859
1617
2859
3031
3039
2729
3043
3045
3221
3337
2026
2323
3789
3859
3923
3298
3213
3935
2919
3936
3303
3936
3055
3936
3178
3936
3936
4230
2730
4484
4516
4528
3889
4752
4596
4993
5010
3670
4394
4051
5012
4638
3864
5275
5740
5915
4658
4354
6000
6252
5745
7048
3714
7207
4779
3913
7216
4721
7216
7216
7216
7216
7216
4260
7280
7911
8280
8543
7528
5585
9868
9968
10000
10005
7311
10838
10924
10936
7574
10943
11395
5999
7261
6048
11750
7503
11764
11768
11769
9192
11788
11793
11794
11796
11796
11797
11797
11797
11753
11797
11797
12760
13690
9615
13190
12276
13941
8546
15540
11348
16293
16353
11725
17440
17778
11728
17943
18421
18815
18947
18988
16245
10468
19173
11909
22431
20713
14577
15442
13486
22715
23165
23165
19003
23165
23165
19760
22109
19536
14203
25075
21453
25906
29280
29647
18666
27749
30346
30362
17633
30387
15530
30389
30389
30389
30389
25647
30389
30389
21627
16331
30389
30389
30389
31699
33318
31007
34681
35657
38172
28122
38868
33779
25608
40537
39053
42972
32626
44209
44344
23316
44472